*the exact form of the input/output will be written in quotation marks: " "

-input: 
"3"

-output:
"1. the number of bases of the vector space Z2^3 over Z2 is 168.
2. the vectors of each such basis are: 
((0, 0, 1), (0, 1, 0), (1, 0, 0))
((0, 0, 1), (0, 1, 0), (1, 0, 1))
((0, 0, 1), (0, 1, 0), (1, 1, 0))
((0, 0, 1), (0, 1, 0), (1, 1, 1))
((0, 0, 1), (0, 1, 1), (1, 0, 0))
((0, 0, 1), (0, 1, 1), (1, 0, 1))
((0, 0, 1), (0, 1, 1), (1, 1, 0))
((0, 0, 1), (0, 1, 1), (1, 1, 1))
((0, 0, 1), (1, 0, 0), (0, 1, 0))
((0, 0, 1), (1, 0, 0), (0, 1, 1))
((0, 0, 1), (1, 0, 0), (1, 1, 0))
((0, 0, 1), (1, 0, 0), (1, 1, 1))
((0, 0, 1), (1, 0, 1), (0, 1, 0))
((0, 0, 1), (1, 0, 1), (0, 1, 1))
((0, 0, 1), (1, 0, 1), (1, 1, 0))
((0, 0, 1), (1, 0, 1), (1, 1, 1))
((0, 0, 1), (1, 1, 0), (0, 1, 0))
((0, 0, 1), (1, 1, 0), (0, 1, 1))
((0, 0, 1), (1, 1, 0), (1, 0, 0))
((0, 0, 1), (1, 1, 0), (1, 0, 1))
((0, 0, 1), (1, 1, 1), (0, 1, 0))
((0, 0, 1), (1, 1, 1), (0, 1, 1))
((0, 0, 1), (1, 1, 1), (1, 0, 0))
((0, 0, 1), (1, 1, 1), (1, 0, 1))
((0, 1, 0), (0, 0, 1), (1, 0, 0))
((0, 1, 0), (0, 0, 1), (1, 0, 1))
((0, 1, 0), (0, 0, 1), (1, 1, 0))
((0, 1, 0), (0, 0, 1), (1, 1, 1))
((0, 1, 0), (0, 1, 1), (1, 0, 0))
((0, 1, 0), (0, 1, 1), (1, 0, 1))
((0, 1, 0), (0, 1, 1), (1, 1, 0))
((0, 1, 0), (0, 1, 1), (1, 1, 1))
((0, 1, 0), (1, 0, 0), (0, 0, 1))
((0, 1, 0), (1, 0, 0), (0, 1, 1))
((0, 1, 0), (1, 0, 0), (1, 0, 1))
((0, 1, 0), (1, 0, 0), (1, 1, 1))
((0, 1, 0), (1, 0, 1), (0, 0, 1))
((0, 1, 0), (1, 0, 1), (0, 1, 1))
((0, 1, 0), (1, 0, 1), (1, 0, 0))
((0, 1, 0), (1, 0, 1), (1, 1, 0))
((0, 1, 0), (1, 1, 0), (0, 0, 1))
((0, 1, 0), (1, 1, 0), (0, 1, 1))
((0, 1, 0), (1, 1, 0), (1, 0, 1))
((0, 1, 0), (1, 1, 0), (1, 1, 1))
((0, 1, 0), (1, 1, 1), (0, 0, 1))
((0, 1, 0), (1, 1, 1), (0, 1, 1))
((0, 1, 0), (1, 1, 1), (1, 0, 0))
((0, 1, 0), (1, 1, 1), (1, 1, 0))
((0, 1, 1), (0, 0, 1), (1, 0, 0))
((0, 1, 1), (0, 0, 1), (1, 0, 1))
((0, 1, 1), (0, 0, 1), (1, 1, 0))
((0, 1, 1), (0, 0, 1), (1, 1, 1))
((0, 1, 1), (0, 1, 0), (1, 0, 0))
((0, 1, 1), (0, 1, 0), (1, 0, 1))
((0, 1, 1), (0, 1, 0), (1, 1, 0))
((0, 1, 1), (0, 1, 0), (1, 1, 1))
((0, 1, 1), (1, 0, 0), (0, 0, 1))
((0, 1, 1), (1, 0, 0), (0, 1, 0))
((0, 1, 1), (1, 0, 0), (1, 0, 1))
((0, 1, 1), (1, 0, 0), (1, 1, 0))
((0, 1, 1), (1, 0, 1), (0, 0, 1))
((0, 1, 1), (1, 0, 1), (0, 1, 0))
((0, 1, 1), (1, 0, 1), (1, 0, 0))
((0, 1, 1), (1, 0, 1), (1, 1, 1))
((0, 1, 1), (1, 1, 0), (0, 0, 1))
((0, 1, 1), (1, 1, 0), (0, 1, 0))
((0, 1, 1), (1, 1, 0), (1, 0, 0))
((0, 1, 1), (1, 1, 0), (1, 1, 1))
((0, 1, 1), (1, 1, 1), (0, 0, 1))
((0, 1, 1), (1, 1, 1), (0, 1, 0))
((0, 1, 1), (1, 1, 1), (1, 0, 1))
((0, 1, 1), (1, 1, 1), (1, 1, 0))
((1, 0, 0), (0, 0, 1), (0, 1, 0))
((1, 0, 0), (0, 0, 1), (0, 1, 1))
((1, 0, 0), (0, 0, 1), (1, 1, 0))
((1, 0, 0), (0, 0, 1), (1, 1, 1))
((1, 0, 0), (0, 1, 0), (0, 0, 1))
((1, 0, 0), (0, 1, 0), (0, 1, 1))
((1, 0, 0), (0, 1, 0), (1, 0, 1))
((1, 0, 0), (0, 1, 0), (1, 1, 1))
((1, 0, 0), (0, 1, 1), (0, 0, 1))
((1, 0, 0), (0, 1, 1), (0, 1, 0))
((1, 0, 0), (0, 1, 1), (1, 0, 1))
((1, 0, 0), (0, 1, 1), (1, 1, 0))
((1, 0, 0), (1, 0, 1), (0, 1, 0))
((1, 0, 0), (1, 0, 1), (0, 1, 1))
((1, 0, 0), (1, 0, 1), (1, 1, 0))
((1, 0, 0), (1, 0, 1), (1, 1, 1))
((1, 0, 0), (1, 1, 0), (0, 0, 1))
((1, 0, 0), (1, 1, 0), (0, 1, 1))
((1, 0, 0), (1, 1, 0), (1, 0, 1))
((1, 0, 0), (1, 1, 0), (1, 1, 1))
((1, 0, 0), (1, 1, 1), (0, 0, 1))
((1, 0, 0), (1, 1, 1), (0, 1, 0))
((1, 0, 0), (1, 1, 1), (1, 0, 1))
((1, 0, 0), (1, 1, 1), (1, 1, 0))
((1, 0, 1), (0, 0, 1), (0, 1, 0))
((1, 0, 1), (0, 0, 1), (0, 1, 1))
((1, 0, 1), (0, 0, 1), (1, 1, 0))
((1, 0, 1), (0, 0, 1), (1, 1, 1))
((1, 0, 1), (0, 1, 0), (0, 0, 1))
((1, 0, 1), (0, 1, 0), (0, 1, 1))
((1, 0, 1), (0, 1, 0), (1, 0, 0))
((1, 0, 1), (0, 1, 0), (1, 1, 0))
((1, 0, 1), (0, 1, 1), (0, 0, 1))
((1, 0, 1), (0, 1, 1), (0, 1, 0))
((1, 0, 1), (0, 1, 1), (1, 0, 0))
((1, 0, 1), (0, 1, 1), (1, 1, 1))
((1, 0, 1), (1, 0, 0), (0, 1, 0))
((1, 0, 1), (1, 0, 0), (0, 1, 1))
((1, 0, 1), (1, 0, 0), (1, 1, 0))
((1, 0, 1), (1, 0, 0), (1, 1, 1))
((1, 0, 1), (1, 1, 0), (0, 0, 1))
((1, 0, 1), (1, 1, 0), (0, 1, 0))
((1, 0, 1), (1, 1, 0), (1, 0, 0))
((1, 0, 1), (1, 1, 0), (1, 1, 1))
((1, 0, 1), (1, 1, 1), (0, 0, 1))
((1, 0, 1), (1, 1, 1), (0, 1, 1))
((1, 0, 1), (1, 1, 1), (1, 0, 0))
((1, 0, 1), (1, 1, 1), (1, 1, 0))
((1, 1, 0), (0, 0, 1), (0, 1, 0))
((1, 1, 0), (0, 0, 1), (0, 1, 1))
((1, 1, 0), (0, 0, 1), (1, 0, 0))
((1, 1, 0), (0, 0, 1), (1, 0, 1))
((1, 1, 0), (0, 1, 0), (0, 0, 1))
((1, 1, 0), (0, 1, 0), (0, 1, 1))
((1, 1, 0), (0, 1, 0), (1, 0, 1))
((1, 1, 0), (0, 1, 0), (1, 1, 1))
((1, 1, 0), (0, 1, 1), (0, 0, 1))
((1, 1, 0), (0, 1, 1), (0, 1, 0))
((1, 1, 0), (0, 1, 1), (1, 0, 0))
((1, 1, 0), (0, 1, 1), (1, 1, 1))
((1, 1, 0), (1, 0, 0), (0, 0, 1))
((1, 1, 0), (1, 0, 0), (0, 1, 1))
((1, 1, 0), (1, 0, 0), (1, 0, 1))
((1, 1, 0), (1, 0, 0), (1, 1, 1))
((1, 1, 0), (1, 0, 1), (0, 0, 1))
((1, 1, 0), (1, 0, 1), (0, 1, 0))
((1, 1, 0), (1, 0, 1), (1, 0, 0))
((1, 1, 0), (1, 0, 1), (1, 1, 1))
((1, 1, 0), (1, 1, 1), (0, 1, 0))
((1, 1, 0), (1, 1, 1), (0, 1, 1))
((1, 1, 0), (1, 1, 1), (1, 0, 0))
((1, 1, 0), (1, 1, 1), (1, 0, 1))
((1, 1, 1), (0, 0, 1), (0, 1, 0))
((1, 1, 1), (0, 0, 1), (0, 1, 1))
((1, 1, 1), (0, 0, 1), (1, 0, 0))
((1, 1, 1), (0, 0, 1), (1, 0, 1))
((1, 1, 1), (0, 1, 0), (0, 0, 1))
((1, 1, 1), (0, 1, 0), (0, 1, 1))
((1, 1, 1), (0, 1, 0), (1, 0, 0))
((1, 1, 1), (0, 1, 0), (1, 1, 0))
((1, 1, 1), (0, 1, 1), (0, 0, 1))
((1, 1, 1), (0, 1, 1), (0, 1, 0))
((1, 1, 1), (0, 1, 1), (1, 0, 1))
((1, 1, 1), (0, 1, 1), (1, 1, 0))
((1, 1, 1), (1, 0, 0), (0, 0, 1))
((1, 1, 1), (1, 0, 0), (0, 1, 0))
((1, 1, 1), (1, 0, 0), (1, 0, 1))
((1, 1, 1), (1, 0, 0), (1, 1, 0))
((1, 1, 1), (1, 0, 1), (0, 0, 1))
((1, 1, 1), (1, 0, 1), (0, 1, 1))
((1, 1, 1), (1, 0, 1), (1, 0, 0))
((1, 1, 1), (1, 0, 1), (1, 1, 0))
((1, 1, 1), (1, 1, 0), (0, 1, 0))
((1, 1, 1), (1, 1, 0), (0, 1, 1))
((1, 1, 1), (1, 1, 0), (1, 0, 0))
((1, 1, 1), (1, 1, 0), (1, 0, 1))"